00000000001000000001000000100000
00100000011001010000000000001010
00100100110001110000000000001010
00000001001010100100000000100001
00000001100011010101100000100100
00110001111011100000000000001010
00010010000100010000000000000000
00010110010100110000000000000000
00001000000000000000000000001011
00001100000000000000000000001101
00000010100000000000000000001000
10010010110101010000000000001010
10010111000101110000000000001010
11000011010110010000000000001010
00111100000110110000000000001010
10001111110111010000000000001010
00000011100000111111100000100111
00000000011000110001000000100101
00110100011000100000000000001010
00000000011000110001000000101010
00101000011000100000000000001010
00101100011000100000000000001010
00000000011000110001000000101011
00000000000000110001001010000000
00000000000000110001001010000010
10100000011000100000000000001010
11100000011000100000000000001010
10100100011000100000000000001010
10101100011000100000000000001010
00000000011000110001000000100010
00000000011000110001000000100011
01000101000000010000000000000000
01000101000000000000000000000000
00000000010000110000000000011010
00000000010000110000000000011011
01000110000001000001000000000000
01000110001010100100000110000000
01000110000011100110000000110010
01000110000100101000000000111100
01000110000101101010000000111110
01000110001110101100000000110010
01000110001111101110000000111100
01000110001000100000000000111110
01000110000001000001000000000011
01000110001001000001000000000011
01000110000001000001000000000010
01000110001001000001000000000010
01000110000001000001000000000001
01000110001001000001000000000001
11000100011000000000000000001010
11010100011000000000000000001010
00000000000000000001100000010000
00000000000000000001100000010010
01000000011000000001000000000000
00000000010000110000000000011000
00000000010000110000000000011001
00000000000000110001001010000011
11100100011000000000000000001010
11110100011000000000000000001010
